0.010000000474974513 0.0
0.03000000026077032 0.0
0.04999999888241291 0.0
0.07000000216066837 0.0
0.08999999612569809 0.0
0.10999999940395355 0.0
0.13000000268220901 0.0
0.15000000596046448 0.0
0.17000000923871994 0.0
0.1899999938905239 0.0
0.20999999716877937 0.0
0.23000000044703484 0.0
0.2500000037252903 0.0
0.27000000700354576 0.0
0.28999999165534973 0.0
0.3099999949336052 0.0
0.32999999821186066 0.0
0.3500000014901161 0.0
0.3700000047683716 0.0
0.38999997079372406 0.0
0.4100000113248825 0.0
0.429999977350235 0.0
0.45000001788139343 0.0
0.4699999839067459 0.0
0.49000002443790436 0.0
0.5099999904632568 0.0
0.5300000309944153 0.0
0.5499999970197678 0.0
0.5700000002980232 0.0
0.5900000035762787 0.0
0.6099999696016312 0.0
0.6300000101327896 0.0
0.6499999761581421 0.0
0.6700000166893005 0.0
0.690000057220459 0.0
0.7099999487400055 0.0
0.7299999892711639 0.0
0.7500000298023224 0.0
0.7699999958276749 0.0
0.7899999618530273 0.0
0.8100000023841858 0.0
0.8300000429153442 0.0
0.8500000089406967 0.0
0.8699999749660492 0.0
0.8900000154972076 0.0
0.9100000560283661 0.0
0.9299999475479126 0.0
0.949999988079071 0.0
0.9700000286102295 0.0
0.989999994635582 0.0
1.0099999606609344 0.0
1.030000001192093 0.0
1.0500000417232513 0.0
1.0700000077486038 0.0
1.0899999737739563 0.0
1.1100000143051147 0.0
1.1300000548362732 0.0
1.1499999463558197 0.0
1.1699999868869781 0.0
1.1900000274181366 0.0
1.209999993443489 0.0
1.2299999594688416 0.0
1.25 0.0
1.2700000405311584 0.0
1.290000081062317 0.0
1.3099999725818634 0.0
1.3300000131130219 0.0
1.3500000536441803 0.0
1.3699999451637268 0.0
1.3899999856948853 0.0
1.4100000262260437 0.0
1.4300000667572021 0.0
1.4499999582767487 0.0
1.469999998807907 0.0
1.4900000393390656 0.0
1.509999930858612 0.0
1.5299999713897705 0.0
1.550000011920929 0.0
1.5700000524520874 0.0
1.5900000929832458 0.0
1.6099999845027924 0.0
1.6300000250339508 0.0
1.6499999165534973 0.0
1.6699999570846558 0.0
1.6899999976158142 0.0
1.7100000381469727 0.0
1.730000078678131 0.0
1.7499999701976776 0.0
1.770000010728836 0.0
1.7900000512599945 0.0
1.809999942779541 0.0
1.8299999833106995 0.0
1.850000023841858 0.0
1.8700000643730164 0.0
1.8899999558925629 0.0
1.9099999964237213 0.0
1.9300000369548798 0.0
1.9499999284744263 0.0
1.9699999690055847 0.0
1.9900000095367432 0.0
2.0100000500679016 0.0
2.03000009059906 0.0
2.0499999821186066 0.0
2.070000022649765 0.0
2.0899999141693115 0.0
2.10999995470047 0.0
2.1299999952316284 0.0
2.150000035762787 0.0
2.1700000762939453 0.0
2.189999967813492 0.0
2.2100000083446503 0.0
2.2300000488758087 0.0
2.2499999403953552 0.0
2.2699999809265137 0.0
2.290000021457672 0.0
2.3100000619888306 0.0
2.329999953508377 0.0
2.3499999940395355 0.0
2.370000034570694 0.0
2.3899999260902405 0.0
2.409999966621399 0.0
2.4300000071525574 0.0
2.450000047683716 5.6046374872308405e-05
2.4700000882148743 0.00016542827614402197
2.4899999797344208 0.0003074744842807909
2.5099998712539673 0.0018155618093736582
2.5300002098083496 0.004344792042559362
2.549999952316284 0.00945057294704781
2.5699999928474426 0.01898194742571995
2.590000033378601 0.034520752579049054
2.6099997758865356 0.06482650918397195
2.630000114440918 0.11373019969851213
2.6499998569488525 0.18411809287369515
2.670000195503235 0.29577565093227154
2.6899999380111694 0.4451283425920495
2.7100002765655518 0.6129101793464186
2.7300000190734863 0.8096596603009586
2.749999761581421 0.99205080957369
2.7700001001358032 1.1804987717105793
2.789999842643738 1.3580326753697591
2.81000018119812 1.54114579686935
2.8299999237060547 1.7449366684974794
2.850000262260437 1.956915109222267
2.8700000047683716 2.208433580649045
2.889999747276306 2.456377780530676
2.9100000858306885 2.723845205933391
2.929999828338623 2.9420569857811083
2.9500001668930054 3.1060434172322955
2.96999990940094 3.1780940230829167
2.9900002479553223 3.1854498972465044
3.009999990463257 3.102153902864099
3.0299997329711914 3.0466401460238504
3.0500000715255737 2.9950018746148706
3.0699998140335083 3.014393795665864
3.0900001525878906 3.0488634257432645
3.109999895095825 3.0260807341261127
3.1300002336502075 2.9325787504114684
3.149999976158142 2.805937551872349
3.1700000166893005 2.6464182908445077
3.190000057220459 2.477656603426288
3.2099997997283936 2.3228716342774978
3.230000138282776 2.15644360127425
3.2499998807907104 1.9951030158256196
3.2700002193450928 1.8306336835248838
3.2899999618530273 1.6927016663980838
3.310000002384186 1.5514764427195495
3.3300000429153442 1.4451998494457081
3.349999785423279 1.337862075097705
3.370000123977661 1.264862977595095
3.3899998664855957 1.2138454937742482
3.410000205039978 1.1738959145321077
3.4299999475479126 1.1434914275242163
3.449999988079071 1.1321469620412956
3.4700000286102295 1.1284674289219225
3.489999771118164 1.129458015148577
3.5100001096725464 1.1170287296114705
3.529999852180481 1.1123127296815918
3.5500001907348633 1.0969243684440153
3.569999933242798 1.0720009348717472
3.59000027179718 1.0515823872871184
3.6100000143051147 1.0224887560253466
3.6299997568130493 0.9981209383792519
3.6500000953674316 0.9772084047435263
3.669999837875366 0.9645049989088619
3.6900001764297485 0.9577751374575776
3.709999918937683 0.940888500224082
3.7300002574920654 0.9343301025651359
3.75 0.9193648480411155
3.7699997425079346 0.9078305722464538
3.790000081062317 0.8951605810469438
3.8099998235702515 0.881623867608289
3.830000162124634 0.8723257676108336
3.8499999046325684 0.8614549644379407
3.8700002431869507 0.8470101767030178
3.8899999856948853 0.8354453626542915
3.90999972820282 0.8228230974763675
3.930000066757202 0.8126599890092288
3.9499998092651367 0.8046464064311915
3.970000147819519 0.7946677896616718
3.9899998903274536 0.7844250988542733
4.010000228881836 0.7818263502840028
4.0299999713897705 0.7719367899376237
4.050000011920929 0.7700824502934185
4.070000052452087 0.765918556967981
4.089999794960022 0.7598555105408048
4.110000133514404 0.7513072139831157
4.129999876022339 0.7481328564666281
4.150000214576721 0.740468369993677
4.169999957084656 0.7386568177693691
4.189999997615814 0.730722613551619
4.210000038146973 0.7240198049792417
4.229999780654907 0.7210080704114585
4.2500001192092896 0.7123373462466219
4.269999861717224 0.7081045103176252
4.2900002002716064 0.7000475555087987
4.309999942779541 0.7024658879076348
4.3299999833106995 0.6963848769348641
4.350000023841858 0.6876296947773181
4.3699997663497925 0.6866017781253767
4.390000104904175 0.6848865658261879
4.409999847412109 0.6806562424770112
4.430000185966492 0.6822659891805793
4.449999928474426 0.6823220305224648
4.470000267028809 0.682423120378357
4.490000009536743 0.6850533524813387
4.509999752044678 0.6862815972797713
4.53000009059906 0.6869019508997132
4.549999833106995 0.6897889097734179
4.570000171661377 0.6960761834192315
4.5899999141693115 0.6934578722609382
4.610000252723694 0.6985616007428166
4.629999995231628 0.7018628199448429
4.649999737739563 0.7067263021601903
4.670000076293945 0.7165954990713986
4.68999981880188 0.7237094026094776
4.710000157356262 0.7313207131089702
4.729999899864197 0.7429245763266723
4.750000238418579 0.7516064768050338
4.769999980926514 0.7634876321994306
4.789999723434448 0.7721067722616457
4.810000061988831 0.776576654903172
4.829999804496765 0.7885820432431994
4.8500001430511475 0.7916029220830009
4.869999885559082 0.7990886242037651
4.890000224113464 0.804303543338907
4.909999966621399 0.8108701218535886
4.930000007152557 0.8119706403372099
4.950000047683716 0.8230635506226057
4.96999979019165 0.8268339099511476
4.990000128746033 0.8339833394002756
5.009999871253967 0.8333576385366923
5.03000020980835 0.8408895065613813
5.049999952316284 0.8482825977994963
5.069999694824219 0.8525071335434924
5.090000033378601 0.8646102460236822
5.110000371932983 0.8714829145331096
5.130000114440918 0.8783322364007828
5.1499998569488525 0.8912847797238188
5.169999599456787 0.8988816841261763
5.189999938011169 0.9095592497064592
5.210000276565552 0.9207875210788226
5.230000019073486 0.9333868358247353
5.249999761581421 0.9492790457288816
5.270000100135803 0.9578579807933872
5.289999842643738 0.9736177042257032
5.31000018119812 0.9849853164102615
5.329999923706055 0.9996068625248702
5.349999666213989 1.0162626211922168
5.370000004768372 1.0326916695635446
5.390000343322754 1.0462023734242585
5.4100000858306885 1.0611305736802539
5.429999828338623 1.0781134194166109
5.450000166893005 1.0936744608373834
5.46999990940094 1.105836358035753
5.490000247955322 1.124555100560179
5.509999990463257 1.1372222242101677
5.529999732971191 1.1547222289703627
5.550000071525574 1.1629707794885855
5.570000410079956 1.1787514456429768
5.590000152587891 1.1896990340433224
5.609999895095825 1.201822712959677
5.62999963760376 1.2122012152658583
5.649999976158142 1.2155785622416633
5.670000314712524 1.2287870577990319
5.690000057220459 1.2333750280887565
5.7099997997283936 1.2370133052679368
5.730000138282776 1.2417022104135023
5.7499998807907104 1.2478118400237426
5.770000219345093 1.2496346246857404
5.789999961853027 1.250480150520511
5.809999704360962 1.2477231921558654
5.830000042915344 1.2457570559530304
5.850000381469727 1.2443465787841776
5.870000123977661 1.2409474650298442
5.889999866485596 1.2335051388100975
5.90999960899353 1.2305115215478273
5.929999947547913 1.22451335561395
5.950000286102295 1.2183647317139514
5.9700000286102295 1.211924464156029
5.989999771118164 1.2047326942687433
6.010000109672546 1.1980865421977986
6.029999852180481 1.188847175126514
6.050000190734863 1.1832305614459466
6.069999933242798 1.1732552035702442
6.089999675750732 1.167913226650551
6.110000014305115 1.166009877557488
6.130000352859497 1.1547590670878893
6.150000095367432 1.1495795503863155
6.169999837875366 1.1462946232872993
6.189999580383301 1.1439807703951006
6.209999918937683 1.1460924354627826
6.230000257492065 1.1405061709401338
6.25 1.1402153592913056
6.269999742507935 1.131690734623334
6.290000081062317 1.127044046549176
6.310000419616699 1.1171868674102432
6.330000162124634 1.1091715889388463
6.349999904632568 1.0977565779479048
6.369999647140503 1.090604185948782
6.389999985694885 1.0854062579147854
6.410000324249268 1.073299004453384
6.430000066757202 1.0639507863665887
6.449999809265137 1.0536542896072862
6.470000147819519 1.0446964391779583
6.489999890327454 1.0357628452394443
6.510000228881836 1.0266812980039073
6.5299999713897705 1.0199228857796463
6.549999713897705 1.0073472661653373
6.570000052452087 1.006174293861315
6.59000039100647 1.0003324526029103
6.610000133514404 0.994932515349233
6.629999876022339 0.9857613695821449
6.649999618530273 0.9769224868662368
6.669999957084656 0.9778206850658271
6.690000295639038 0.9712189815976244
6.710000038146973 0.9656363970766509
6.729999780654907 0.9619982622595423
6.7500001192092896 0.957206349362621
6.769999861717224 0.9557757487489502
6.7900002002716064 0.9520374628438156
6.809999942779541 0.9501818013102631
6.829999685287476 0.9493308781638152
6.850000023841858 0.9445144456653892
6.87000036239624 0.9432123866983798
6.890000104904175 0.9425085070873693
6.909999847412109 0.9362166667388379
6.929999589920044 0.9364283289644623
6.949999928474426 0.9349354870281547
6.970000267028809 0.9341977263733506
6.990000009536743 0.9315165682852967
7.009999752044678 0.9279835762187493
7.03000009059906 0.9282939454919198
7.049999833106995 0.9257009109229671
7.070000171661377 0.9239752125852426
7.0899999141693115 0.9248996702360076
7.109999656677246 0.9218882749227489
7.129999995231628 0.9220767976370298
7.150000333786011 0.9208382022088352
7.170000076293945 0.9164404168940071
7.18999981880188 0.9136281429380998
7.210000157356262 0.9142451585398664
7.229999899864197 0.9099851014862781
7.250000238418579 0.9117858205763038
7.269999980926514 0.9102275936317624
7.289999723434448 0.9074323486261751
7.310000061988831 0.9071463104769585
7.330000400543213 0.9042083440569143
7.3500001430511475 0.9055701567031268
7.369999885559082 0.9048505158809578
7.389999628067017 0.9013357446542558
7.409999966621399 0.9018148509200881
7.430000305175781 0.901764760137822
7.450000047683716 0.9032163232401195
7.46999979019165 0.9034286236426854
7.490000128746033 0.9044102370101196
7.509999871253967 0.9062403302208606
7.53000020980835 0.905096112396112
7.549999952316284 0.9080797576080095
7.569999694824219 0.9097047331043834
7.590000033378601 0.9136372639528371
7.610000371932983 0.9161297950911158
7.630000114440918 0.9186506373087389
7.6499998569488525 0.921148549390752
7.669999599456787 0.9262596975532126
7.689999938011169 0.9311273419004246
7.710000276565552 0.9326429562150683
7.730000019073486 0.9400543907607258
7.749999761581421 0.9423980545591603
7.770000100135803 0.9481299172605787
7.789999842643738 0.9510235642986871
7.81000018119812 0.9556725980217887
7.829999923706055 0.9603175011463528
7.849999666213989 0.9657071236684492
7.870000004768372 0.9687859746290494
7.890000343322754 0.9759957307729981
7.9100000858306885 0.9804808585877143
7.929999828338623 0.9834932634959116
7.950000166893005 0.9828659308185356
7.96999990940094 0.9876852707089915
7.990000247955322 0.9898740900431461
8.009999990463257 0.990746181493084
8.029999732971191 0.9902602456111976
8.050000071525574 0.9918854424567278
8.070000410079956 0.9895879048798342
8.09000015258789 0.9895188488414169
8.109999895095825 0.9895376919197189
8.12999963760376 0.9841176395739935
8.149999976158142 0.9816673270440086
8.170000314712524 0.9796573223769454
8.190000057220459 0.9771279901117733
8.209999799728394 0.9767273847989014
8.230000138282776 0.9769084952312519
8.24999988079071 0.9753732240860314
8.270000219345093 0.9777616000236108
8.289999961853027 0.9821125528693019
8.309999704360962 0.9875151703863503
8.330000042915344 0.9955694543559255
8.350000381469727 1.0008513232200544
8.370000123977661 1.0087714252127826
8.389999866485596 1.0154918343001313
8.40999960899353 1.0217027507168321
8.429999947547913 1.028063619708286
8.450000286102295 1.0340635521856603
8.47000002861023 1.0369656533967344
8.489999771118164 1.0441018737950956
8.510000109672546 1.0503987436244135
8.529999852180481 1.05517352918993
8.550000190734863 1.0559592323701976
8.569999933242798 1.06198123007025
8.589999675750732 1.0667167171540828
8.610000014305115 1.0699296157157059
8.630000352859497 1.0702422160958445
8.650000095367432 1.0752580114361168
8.669999837875366 1.074087148516864
8.6899995803833 1.0771182499384435
8.709999918937683 1.0804145221134231
8.730000257492065 1.0843387343722684
8.75 1.0840419639045829
8.769999742507935 1.0842758916688575
8.790000081062317 1.084280281382996
8.8100004196167 1.0866432581035632
8.830000162124634 1.085096997760494
8.849999904632568 1.0835735839976188
8.869999647140503 1.0864925579949742
8.889999985694885 1.0874410735384326
8.910000324249268 1.0830890752198457
8.930000066757202 1.0832448858984145
8.949999809265137 1.0813636039900374
8.970000147819519 1.0798536003389603
8.989999890327454 1.0842578390280837
9.010000228881836 1.0813530208276856
9.02999997138977 1.078943305925209
9.049999713897705 1.0752065566902187
9.070000052452087 1.0739817098361324
9.09000039100647 1.072453417471436
9.110000133514404 1.069831095577832
9.129999876022339 1.0700924686024305
9.149999618530273 1.0673662850464942
9.169999957084656 1.0657524377003424
9.190000295639038 1.063899301611107
9.210000038146973 1.058368191934453
9.229999780654907 1.0575566977020643
9.25000011920929 1.0524138057579038
9.269999861717224 1.050355601234305
9.290000200271606 1.047307530702201
9.309999942779541 1.044811353748161
9.329999685287476 1.0426824211637744
9.350000023841858 1.0387182475967704
9.37000036239624 1.0349879472060723
9.390000104904175 1.0327174066581066
9.40999984741211 1.030086912787775
9.429999589920044 1.0280995760950222
9.449999928474426 1.0256163451094666
9.470000267028809 1.019885745760207
9.490000009536743 1.0178808779381179
9.509999752044678 1.0152912213572454
9.53000009059906 1.0098610147849238
9.549999833106995 1.008230210740888
9.570000171661377 1.0056963812058066
9.589999914169312 1.0030050210700514
9.609999656677246 0.9994164762252197
9.629999995231628 0.9995403362151124
9.65000033378601 0.9956192711128238
9.670000076293945 0.9939397555349866
9.68999981880188 0.9887869779598603
9.710000157356262 0.9907609425286706
9.729999899864197 0.9866281853747203
9.750000238418579 0.9844764430561581
9.769999980926514 0.9802608459024877
9.789999723434448 0.97791986296797
9.81000006198883 0.9776139023392306
9.830000400543213 0.9718042124246683
9.850000143051147 0.9729590014902257
9.869999885559082 0.9703933459475439
9.889999628067017 0.9690455640955915
9.909999966621399 0.9676810158074036
9.930000305175781 0.9659075263731648
9.950000047683716 0.9653167605793639
9.96999979019165 0.9604174575409783
9.990000128746033 0.9610830519674287
